********************
workclass
 Private
(0.6086956521739131, 0.7080459770114943, 0.6546227417640809)
 State-gov
(0.6212121212121212, 0.7454545454545455, 0.6776859504132231)
 Federal-gov
(0.7464788732394366, 0.7910447761194029, 0.7681159420289855)
 Self-emp-not-inc
(0.5263157894736842, 0.660377358490566, 0.5857740585774058)
 Local-gov
(0.6666666666666666, 0.6785714285714286, 0.6725663716814159)
 ?
(0.5531914893617021, 0.6666666666666666, 0.6046511627906976)
 Self-emp-inc
(0.8360655737704918, 0.7906976744186046, 0.8127490039840638)
 Without-pay
(1.0, 1.0, 1.0)
 Never-worked
(1.0, 1.0, 1.0)
********************
education
 11th
(0.4, 0.8, 0.5333333333333333)
 Assoc-voc
(0.5142857142857142, 0.7346938775510204, 0.6050420168067226)
 Doctorate
(0.8923076923076924, 0.8529411764705882, 0.8721804511278195)
 Some-college
(0.524904214559387, 0.6088888888888889, 0.5637860082304526)
 Bachelors
(0.7240663900414938, 0.7457264957264957, 0.734736842105263)
 HS-grad
(0.4161290322580645, 0.581081081081081, 0.4849624060150376)
 Assoc-acdm
(0.484375, 0.5961538461538461, 0.5344827586206896)
 12th
(0.0, 1.0, 0.0)
 Prof-school
(0.9390243902439024, 0.8651685393258427, 0.9005847953216373)
 9th
(0.14285714285714285, 1.0, 0.25)
 1st-4th
(0.0, 1.0, 0.0)
 7th-8th
(0.0, 1.0, 0.0)
 Masters
(0.8404255319148937, 0.8229166666666666, 0.8315789473684212)
 5th-6th
(0.5, 1.0, 0.6666666666666666)
 10th
(0.25, 0.6, 0.35294117647058826)
 Preschool
(1.0, 0.0, 0.0)
********************
marital-status
 Married-civ-spouse
(0.6686701728024043, 0.7024467245461721, 0.6851424172440339)
 Never-married
(0.4329896907216495, 0.8235294117647058, 0.5675675675675675)
 Married-AF-spouse
(0.0, 1.0, 0.0)
 Divorced
(0.40594059405940597, 0.8541666666666666, 0.5503355704697986)
 Married-spouse-absent
(0.5, 1.0, 0.6666666666666666)
 Widowed
(0.25, 1.0, 0.4)
 Separated
(0.3333333333333333, 0.8, 0.47058823529411764)
********************
occupation
 Craft-repair
(0.430939226519337, 0.6046511627906976, 0.5032258064516129)
 Prof-specialty
(0.7893333333333333, 0.7956989247311828, 0.7925033467202143)
 Exec-managerial
(0.7475490196078431, 0.8111702127659575, 0.778061224489796)
 Sales
(0.6358974358974359, 0.6458333333333334, 0.6408268733850129)
 Adm-clerical
(0.5, 0.5625, 0.5294117647058824)
 Handlers-cleaners
(0.15789473684210525, 0.75, 0.2608695652173913)
 Transport-moving
(0.29310344827586204, 0.5, 0.3695652173913043)
 Machine-op-inspct
(0.35555555555555557, 0.48484848484848486, 0.41025641025641024)
 Tech-support
(0.7, 0.6862745098039216, 0.693069306930693)
 Other-service
(0.0967741935483871, 0.75, 0.1714285714285714)
 Farming-fishing
(0.47368421052631576, 0.6, 0.5294117647058824)
 ?
(0.5531914893617021, 0.6666666666666666, 0.6046511627906976)
 Priv-house-serv
(1.0, 1.0, 1.0)
 Protective-serv
(0.5652173913043478, 0.5416666666666666, 0.5531914893617021)
********************
relationship
 Husband
(0.6768968456947997, 0.7051509769094139, 0.6907351022183558)
 Not-in-family
(0.41714285714285715, 0.8390804597701149, 0.5572519083969465)
 Wife
(0.6326530612244898, 0.6788321167883211, 0.6549295774647887)
 Own-child
(0.42105263157894735, 0.8, 0.5517241379310345)
 Unmarried
(0.3181818181818182, 0.9333333333333333, 0.47457627118644075)
 Other-relative
(0.2857142857142857, 0.6666666666666666, 0.4)
********************
race
 White
(0.6368794326241135, 0.7126984126984127, 0.6726591760299626)
 Asian-Pac-Islander
(0.6349206349206349, 0.7692307692307693, 0.6956521739130435)
 Amer-Indian-Eskimo
(0.5, 0.375, 0.42857142857142855)
 Black
(0.5063291139240507, 0.7407407407407407, 0.6015037593984962)
 Other
(0.42857142857142855, 0.75, 0.5454545454545454)
********************
sex
 Male
(0.6436609152288072, 0.713216957605985, 0.6766561514195583)
 Female
(0.5431034482758621, 0.72, 0.6191646191646192)
********************
native-country
 United-States
(0.6296556570625439, 0.712241653418124, 0.6684073107049608)
 Canada
(0.5555555555555556, 0.8333333333333334, 0.6666666666666667)
 Taiwan
(1.0, 0.8571428571428571, 0.923076923076923)
 Philippines
(0.75, 0.75, 0.75)
 Ireland
(0.6666666666666666, 1.0, 0.8)
 Dominican-Republic
(1.0, 0.0, 0.0)
 ?
(0.6666666666666666, 0.75, 0.7058823529411765)
 El-Salvador
(0.5, 1.0, 0.6666666666666666)
 Peru
(1.0, 1.0, 1.0)
 Cuba
(0.5, 1.0, 0.6666666666666666)
 Trinadad&Tobago
(1.0, 0.0, 0.0)
 Poland
(0.3333333333333333, 0.3333333333333333, 0.3333333333333333)
 Germany
(0.5, 0.75, 0.6)
 France
(0.0, 0.0, 1.0)
 Mexico
(0.0, 0.0, 1.0)
 South
(0.5, 0.6666666666666666, 0.5714285714285715)
 Columbia
(1.0, 1.0, 1.0)
 Haiti
(1.0, 1.0, 1.0)
 Jamaica
(0.6666666666666666, 0.5, 0.5714285714285715)
 Italy
(0.75, 1.0, 0.8571428571428571)
 Puerto-Rico
(0.8, 0.8, 0.8000000000000002)
 Guatemala
(0.0, 1.0, 0.0)
 Portugal
(0.5, 1.0, 0.6666666666666666)
 England
(0.7142857142857143, 0.8333333333333334, 0.7692307692307692)
 Hong
(1.0, 1.0, 1.0)
 China
(0.8333333333333334, 0.8333333333333334, 0.8333333333333334)
 Cambodia
(0.0, 1.0, 0.0)
 Vietnam
(0.5, 1.0, 0.6666666666666666)
 Japan
(0.8571428571428571, 1.0, 0.923076923076923)
 India
(0.75, 0.5, 0.6)
 Nicaragua
(1.0, 1.0, 1.0)
 Yugoslavia
(0.6666666666666666, 1.0, 0.8)
 Laos
(1.0, 0.0, 0.0)
 Thailand
(0.0, 1.0, 0.0)
 Iran
(1.0, 1.0, 1.0)
 Greece
(1.0, 1.0, 1.0)
 Scotland
(1.0, 1.0, 1.0)
 Ecuador
(0.5, 0.5, 0.5)
 Honduras
(1.0, 1.0, 1.0)
 Outlying-US(Guam-USVI-etc)
(1.0, 1.0, 1.0)
 Hungary
(1.0, 1.0, 1.0)
